-8.5058576E7
-1874.9725
-1116.0114
-826.8317
-753.9819
-450.65344
-311.0531
-257.46747
-136.47272
-118.4374
-33.033905
-20.419252
-61.271027
-50.06794
-60.206593
-46.97928
-44.77462
-40.3736
18.690485
-109.461205
-68.33589
-37.976353
-33.67459
4.867236
-47.555214
-51.543026
-61.17151
-16.755161
33.178555
-53.783417
-61.5255
-1.5446289
-41.081802
12.197119
-86.483086
-41.71339
-101.10267
-30.818008
0.38747558
-115.72918
-158.92345
11.226306
35.218422
-45.795517
-51.412354
-113.9008
-8.25523
-59.59249
-70.456856
-41.28123
37.88896
-110.64652
32.072704
36.300724
39.293983
-6.238164
16.462671
-177.67831
16.548378
-30.122446
40.021248
-7.6897874
-67.332214
-29.665102
-31.345098
-8.632443
-6.6124487
-110.37904
-29.01919
13.15104
15.894688
33.215908
-8.328072
38.506554
15.771641
-16.662163
-57.37458
40.08696
-30.496733
-77.54776
-48.998222
-42.46626
-9.450178
39.910217
-39.21116
16.654497
-22.579416
7.8442407
17.391445
24.197092
-27.5445
-51.754513
12.240654
40.261036
-24.881752
5.9780664
12.68125
-22.13375
-9.394048
27.916025
-28.484716
29.05357
-7.732515
5.049692
-5.8232813
-21.511028
63.411034
-46.51477
-6.9295897
-4.989199
7.639719
-6.572998
-8.233193
-18.349916
47.29259
45.883636
-23.931114
-28.706314
6.2681494
23.868399
-2.1179664
-43.666283
-11.184832
5.371128
10.543916
12.538203
-13.459714
28.148252
65.105705
46.975468
29.093994
42.84568
-92.444336
28.61397
28.053974
10.343528
10.186192
28.330927
-28.84936
-30.116133
23.352417
5.278257
23.35981
4.409292
-29.689
3.5405176
-22.865171
45.551064
10.030952
-48.92759
