-944.34717
-99.18285
-99.18285
-91.04
-36.325745
-35.61146
-35.040024
36.989975
36.27569
37.5614
57.428543
57.428543
61.285698
61.285698
61.571404
61.57141
61.571415
62.57141
62.57141
62.57141
62.57141
62.57142
62.57142
62.57142
62.57142
63.2857
63.285706
63.571415
63.57142
63.57142
63.57142
63.57142
63.57142
63.857132
63.857132
63.857136
63.857136
64.57142
64.57142
64.57142
64.57142
64.57142
64.99999
65.0
65.0
65.0
65.0
65.0
65.0
65.714294
65.714294
65.714294
65.714294
65.714294
65.714294
65.714294
65.714294
65.714294
65.714294
65.714294
65.7143
65.7143
65.7143
65.7143
65.7143
65.7143
65.7143
65.7143
65.7143
65.7143
65.7143
65.7143
65.7143
65.7143
65.7143
65.7143
65.7143
65.7143
65.7143
65.7143
65.7143
65.7143
65.7143
65.7143
65.7143
65.7143
65.7143
66.142876
66.142876
66.142876
66.142876
66.142876
66.142876
66.142876
66.142876
66.142876
66.142876
66.142876
66.142876
66.142876
66.142876
66.142876
66.142876
66.142876
66.142876
66.142876
66.142876
66.142876
66.142876
66.142876
66.142876
66.142876
66.142876
66.142876
66.142876
66.142876
66.142876
66.142876
66.142876
66.142876
66.142876
66.142876
66.142876
66.142876
66.142876
66.142876
66.142876
66.142876
66.142876
66.142876
66.142876
66.142876
66.142876
66.142876
66.142876
66.142876
66.142876
66.142876
66.142876
66.142876
66.142876
66.142876
66.142876
66.142876
66.142876
66.142876
66.142876
66.142876
66.142876
66.142876
