0
355
692
903
1089
1224
1326
1430
1542
1647
1759
1888
2008
2120
2218
2308
2392
2478
2562
2648
2731
2815
2897
2986
3067
3155
3241
3320
3403
3481
3555
3642
3721
3799
3895
3996
4107
4227
4348
4435
4513
4591
4663
4736
4817
4898
4979
5069
5148
5235
5315
5395
5476
5556
5648
5728
5822
5897
5973
6049
6122
6194
6270
6342
6425
6499
6586
6658
6735
6809
6891
6968
7044
7124
7204
7288
7358
7438
7519
7602
7686
7762
7838
7916
7999
8074
8162
8256
8338
8413
8504
8582
8686
8780
8878
8964
9036
9122
9199
9282
9360
9438
9515
9592
9676
9751
9828
9905
9980
10059
10141
10215
10287
10365
10441
10516
10600
10678
10752
10831
10908
10984
11066
11146
11220
11297
11371
11446
11523
11593
11670
11748
11827
11899
11975
12049
12124
12199
12271
12346
12419
12494
12571
12646
12721
12799
12871
12944
13021
13097
13173
13245
13318
13391
13464
13542
13616
13693
13775
13850
13926
13999
14115
14190
14266
14346
14424
14500
14581
14665
14756
14855
14951
15048
15136
15213
15290
15366
15434
15510
15586
15656
15733
15809
15884
15961
16035
16109
16186
16261
16334
16409
16485
16559
16632
16706
16783
16859
16931
17003
17077
17146
17224
17299
17372
17444
17521
17596
17669
17746
17822
17895
17969
18045
18119
18199
18277
18348
18423
18496
18570
18642
18714
18790
18865
18939
19014
19086
19157
19230
19308
19386
19459
19532
19605
19677
19753
19832
19907
19987
20064
20142
20221
20298
20375
20452
20527
20598
20674
20750
20830
20907
20983
21061
21141
21214
21289
21364
21441
21514
21590
21665
21741
21823
21903
21979
22057
22132
22204
22282
22365
22448
22525
22594
22664
22737
22812
22887
22968
23053
23130
23205
23284
23363
23442
23519
23596
23679
23765
23840
23919
23995
24071
24149
24223
24300
24379
24455
24531
24600
24672
24745
24820
24892
24964
25038
25107
25178
25254
25327
25401
25478
25554
25630
25704
25780
25854
25930
26004
26077
26155
26228
26299
26376
26446
26521
26595
26670
26744
26817
26886
26959
27033
27103
27176
27249
27316
27390
27467
27541
27612
27684
27758
27837
27913
27985
28059
28134
28204
28275
28353
28427
28501
28580
28654
28728
28802
28872
28945
29024
29109
29188
29261
29330
29406
29485
29560
29636
29710
29790
29865
29939
30015
30095
30172
30245
30312
30382
30452
30522
30597
30666
30735
30808
30877
30948
31021
31090
31156
31225
31291
31360
31430
31495
31562
31633
31705
31778
31847
31927
32001
32074
32147
32219
32286
32355
32426
32500
32569
32637
32704
32775
32845
32915
32986
33070
33148
33226
33299
33368
33440
33512
33588
33662
33732
33807
33877
33948
34019
34091
34167
34239
34311
34381
34454
34523
34596
34668
34740
34816
34887
34959
35028
35105
35177
35247
35322
35390
35464
35538
35611
35678
35752
35826
35896
35967
36040
36114
36187
36257
36329
36398
36468
36536
36601
36670
36739
36809
36875
36940
37011
37080
37147
37217
37284
37352
37420
37489
37558
37629
37696
37768
37838
37907
37972
38046
38113
38179
38248
38313
38379
38443
38511
38578
38651
38719
38785
38858
38927
38996
39067
39133
39201
39265
39333
39399
39468
39538
39608
39677
39745
39814
39884
39951
40021
40091
40159
40228
40298
40365
40433
40503
40571
40643
40714
40785
40851
40920
40986
41061
41130
41197
41264
41335
41402
41471
41539
41608
41675
41747
41815
41882
41949
42017
42085
42160
42235
42304
42371
42436
42500
42570
42640
42709
42780
42845
42906
42974
43043
43122
43206
43289
43365
43433
43498
43567
43637
43704
43773
43840
43903
43972
44040
44106
44172
44238
44307
44370
44439
44507
44577
44644
44713
44786
44848
44914
44978
45048
45120
45185
45261
45327
45393
45461
45530
45598
45664
45730
45796
45868
45937
46007
46075
46144
46216
46288
46356
46428
46497
46569
46641
46715
46785
46852
46922
46990
47059
47130
47199
47270
47337
47405
47470
47538
47606
47674
47743
47811
47874
47942
48009
48078
48148
48216
48284
48355
48424
48492
48564
48632
48698
48774
48843
48912
48979
49049
49121
49188
49257
49327
49395
49464
49536
49605
49675
49744
49813
49882
49952
50021
50091
50164
50233
50303
50373
50443
50510
50581
50651
50720
50792
50861
50932
50999
51074
51142
51215
51284
51351
51422
51489
51558
51628
51694
51766
51833
51901
51968
52037
52105
52175
52244
52312
52379
52445
52512
52584
52652
52724
52794
52861
52931
53000
53084
53154
53221
53290
53355
53421
53492
53560
53631
53700
53773
53840
53911
53977
54043
54116
54183
54256
54322
54393
54462
54530
54599
54668
54740
54812
54885
54957
55027
55101
55169
55238
55308
55379
55447
55518
55588
55656
55723
55790
55856
55926
55993
56059
56124
56190
56256
56324
56392
56460
56527
56595
56662
56732
56801
56869
56936
57005
57068
57138
57207
57275
57344
57411
57479
57547
57616
57685
57753
57820
57889
57958
58026
58096
58163
58228
58294
58355
58421
58490
58559
58627
58694
58765
58832
58896
58969
59037
59106
59174
59244
59311
59381
59448
59512
59580
59648
59714
59782
59848
59916
59996
60075
60170
60257
60341
60431
60512
60579
60648
60735
60824
60912
61001
61091
61172
61265
61355
61433
61520
61610
61682
61751
61822
61918
62004
62091
62169
62248
62326
62403
62483
62565
62650
62752
62849
62931
63023
63103
63188
63289
63369
63449
63535
63617
63698
63815
63912
64010
64102
64194
64286
64549
64680
64768
64866
65158
65294
65502
65679
65849
65951
66115
66258
66358
66481
66600
66708
66820
66931
67068
67207
67389
67491
67572
67664
67748
67843
67957
68046
68123
68191
68258
68335
68413
68489
68576
68657
68735
68805
68869
68939
69014
69090
69170
69263
69345
69421
69512
69595
69676
69765
69850
69934
70016
70098
70181
70267
70346
70418
70493
70569
70638
70749
70825
70894
70963
71030
71101
71178
71262
71339
71416
71500
71577
71652
71735
71818
71911
71996
72086
72184
72273
72366
72453
72543
72616
72690
72765
72837
72909
72985
73070
73163
73249
73332
73409
73495
73572
73639
73711
73802
73884
73977
74142
74231
74309
74391
74469
74544
74612
74680
74752
74834
74908
74990
75063
75133
75206
75287
75364
75445
75523
75603
75681
75756
75832
75909
75988
76069
76155
76245
76329
76408
76487
76556
76626
76699
76767
76835
76904
76984
77063
77149
77224
77310
77384
77460
77552
77634
77723
77819
77892
77970
78043
78115
78191
78271
78354
78427
78496
78566
78649
78729
78805
78882
78961
79041
79122
79200
79281
79357
79426
79496
79561
79634
79702
79768
79834
79900
79969
80039
80118
80197
80294
80392
80485
80571
80660
80753
80852
80934
81012
81090
81179
81279
81512
81657
81750
81852
81946
82063
82190
82285
82375
82459
82532
82608
82688
82765
82850
82935
83043
83122
83209
83287
83375
83449
83528
83605
83683
83763
83831
83902
83968
84034
84103
84170
84239
84313
84382
84457
84532
84597
84666
84731
84796
84865
84934
85004
85073
85139
85204
85270
85337
85419
85505
85594
85665
85737
85824
85906
85995
86069
86166
86268
86353
86434
86526
86618
86702
86793
86887
86978
87066
87148
87226
87295
87361
87429
87498
87565
87636
87702
87767
87835
87901
87969
88042
88105
88172
88244
88321
88391
88453
88521
88591
88658
88726
88798
88864
88933
88999
89065
89134
89201
89269
89337
89403
89471
89536
89604
89673
89740
89808
89871
89936
90004
90067
90135
90203
90266
90332
90405
90473
90543
90615
90682
90752
90821
90887
90956
91022
91087
91153
91222
91290
91361
91433
91505
91573
91641
91711
91782
91854
91921
91992
92061
92134
92217
92321
92423
92518
92605
92690
92776
92869
92961
93049
93133
93206
93279
93365
93436
93507
93585
93665
93743
93825
93896
93966
94034
94101
94171
94239
94312
94397
94468
94544
94613
94687
94761
94833
94911
94980
95051
95119
95191
95261
95330
95405
95472
95535
95604
95671
95737
95799
95867
95939
96007
96076
96144
96208
96274
96339
96415
96491
96559
96622
96691
96756
96822
96892
96961
97032
97103
97172
97241
97309
97378
97446
97510
97580
97666
97741
97809
97876
97947
98018
98088
98157
98227
98293
98363
98433
98504
98573
98644
98716
98811
98893
98973
99049
99122
99195
99265
99333
99408
99480
99549
99617
99689
99761
99828
99899
99969
100038
100111
100181
100253
100326
100395
100465
100533
100603
100678
100748
100818
100890
100963
101035
101103
101173
101244
101311
101375
101444
101514
101582
101650
101718
101786
101857
101923
101991
102063
102134
102206
102279
102369
102465
102558
102643
102728
102803
102875
102942
103018
103088
103166
103244
103338
103455
103552
103654
103730
103900
104020
104107
104199
104269
104341
104416
104489
104573
104665
104739
104818
104895
104976
105056
105134
105204
105270
105346
105423
105500
105582
105670
105748
105814
105882
105952
106032
106096
106170
106238
106307
106375
106444
106510
106576
106645
106717
106784
106853
106918
106990
107061
107129
107199
107281
107362
107444
107516
107587
107658
107730
107799
107871
107938
108007
108098
108175
108245
108315
108383
108457
108526
108607
108699
108796
108886
108959
109027
109095
109164
109234
109299
109367
109435
109503
109570
109638
109706
109776
109841
109916
109985
110054
110135
110213
110293
110363
110604
110698
110841
110969
111122
111268
111380
111533
111615
111700
111807
111970
112053
112209
112306
112386
112472
112562
112655
112742
112819
112887
112964
113048
113119
113187
113255
113323
113388
113460
113530
113597
113667
113739
113804
113873
113945
114015
114087
114159
114228
114301
114374
114444
114527
114597
114666
114735
114811
114884
114965
115042
115111
115181
115250
115318
115388
115469
115544
115615
115683
115754
115825
115895
115970
116043
116115
116182
116271
116340
116411
116483
116561
116630
116700
116770
116838
116910
116978
117046
117122
117194
117266
117334
117407
117478
117551
117621
117689
117760
117829
117901
117972
118044
118112
118183
118251
118319
118388
118456
118529
118596
118668
118739
118812
118882
118952
119022
119087
119158
119228
119296
119362
119438
119513
119584
119657
119723
119793
119862
119934
120004
120073
120140
120210
120278
120346
120416
120485
120556
120627
120697
120766
120833
120902
120975
121046
121116
121186
121254
121325
121392
121463
121531
121600
121670
121737
121808
121871
121945
122015
122084
122154
122219
122290
122359
122427
122495
122567
122632
122697
122764
122832
122900
122965
123037
123106
123178
123249
123318
123383
123453
123525
123606
123703
123772
123838
123907
123977
124047
124114
124185
124254
124324
124389
124457
124529
124602
124670
124741
124811
124881
124951
125022
125093
125162
125230
125298
125368
125438
125507
125577
125649
125717
125786
125854
125923
125994
126058
126129
126198
126274
126342
126411
126480
126556
126623
126693
126760
126831
126900
126971
127042
127112
127181
127248
127317
127385
127464
127556
127642
127723
127795
127866
127936
128009
128081
128150
128217
128286
128349
128418
128487
128559
128625
128689
128759
128829
128895
128960
129028
129095
129167
129235
129303
129369
129440
129513
129583
129652
129723
129792
129865
129932
130002
130070
130144
130211
130279
130346
130417
130490
130561
130632
130705
130776
130845
130911
130981
131052
131120
131188
131258
131327
131394
131462
131531
131600
131670
131737
131806
131877
131946
132015
132084
132153
132219
132289
132366
132430
132497
132564
132635
132701
132769
132839
132910
132979
133047
133113
133184
133254
133322
133391
133459
133529
133600
133669
133741
133810
133878
133946
134028
134125
134197
134269
134339
134408
134480
134548
134620
134689
134757
134826
134894
134960
135029
135098
135172
135242
135320
135388
135455
135523
135594
135662
135733
135799
135869
135935
136025
136096
136170
136240
136306
136373
136442
136509
136576
136646
136723
136792
136855
136922
136992
137061
137130
137196
137269
137335
137402
137470
137544
137611
137680
137748
137815
137886
137952
138022
138089
138158
138225
138295
138364
138433
138501
138570
138640
138707
138777
138847
138912
138980
139049
139117
139187
139255
139327
139394
139463
139532
139600
139671
139739
139804
139876
139952
140020
140089
140157
140227
140296
140365
140434
140504
140570
140639
140710
140775
140844
140911
140981
141048
141115
141187
141256
141321
141387
141458
141533
141601
141671
141741
141808
141878
141950
142021
142092
142160
142230
142299
142372
142441
142512
142582
142651
142720
142787
142853
142919
142999
143075
143143
143212
143282
143349
143417
143488
143561
143630
143699
143768
143834
143906
143978
144050
144123
144206
144286
144361
144430
144504
144588
144663
144745
144817
144905
144980
145050
145117
145186
145256
145327
145406
145486
145576
145647
145715
145798
145879
145947
146020
146085
146154
146223
146294
146362
146432
146508
146577
146650
146722
146791
146861
146949
147029
147099
147169
147237
147302
147369
147440
147515
147601
147678
147760
147841
147921
147988
148063
148137
148206
148276
148343
148412
148483
148553
148624
148697
148765
148833
148905
148975
149046
149112
149184
149251
149322
149387
149585
149658
149730
149801
149869
149939
150012
150085
150151
150221
150288
150359
150427
150498
150570
150641
150710
150776
150845
150914
150987
151061
151130
151198
151270
151336
151403
151469
151541
151613
151681
151750
151819
151891
151959
152028
152093
152166
152231
152296
152365
152434
152505
152578
152645
152712
152781
152850
152916
152982
153052
153122
153191
153259
153327
153401
153472
153548
153623
153698
153769
153845
153917
153988
154067
154136
154206
154273
154342
154407
154477
154552
154622
154693
154762
154828
154899
154969
155033
155104
155176
155245
155314
155383
155452
155524
155603
155674
155745
155814
155888
155957
156028
156098
156168
156238
156308
156376
156446
156517
156594
156663
156731
156802
156868
156934
157001
157073
157144
157210
157279
157348
157418
157486
157557
157626
157694
157763
157832
157901
157973
158042
158109
158179
158249
158319
158389
158456
158525
158603
158669
158734
158803
158869
158934
159002
159068
159133
159201
159268
159339
159407
159476
159542
159613
159680
159747
159815
159882
159951
160021
160090
160157
160227
160295
160362
160429
160495
160565
160632
160700
160767
160836
160902
160972
161038
161106
161173
161240
161308
161375
161443
161510
161582
161648
161715
161781
161849
161917
161985
162051
162119
162189
162256
162322
162389
162457
162527
162597
162664
162733
162801
162868
162936
163004
163074
163145
163215
163283
163353
163419
163485
163556
163633
163713
163799
163875
163941
164012
164083
164150
164218
164292
164370
164443
164513
164579
164648
164720
164786
164856
164921
164990
165058
165123
165191
165260
165323
165389
165459
165525
165597
165665
165735
165800
165867
165936
166004
166070
166138
166205
166274
166341
166404
166472
166542
166613
166683
166751
166816
166883
166950
167015
167078
167146
167213
167281
167349
167416
167481
167551
167622
167689
167760
167829
167899
167964
168030
168098
168165
168233
168299
168365
168429
168499
168567
168630
168695
168761
168830
168896
168960
169030
169102
169168
169238
169308
169376
169444
169513
169580
169647
169715
169785
169855
169921
169994
170060
170128
170198
170261
170331
170396
170461
170533
170603
170669
170738
170808
170873
170941
171005
171079
171145
171213
171278
171344
171413
171482
171554
171622
171692
171761
171831
171901
171968
172038
172106
172171
172239
172307
172373
172441
172505
172572
172639
172709
172777
172846
172915
172993
173066
173137
173201
173270
173341
173411
173477
173546
173614
173682
173751
173819
173889
173956
174025
174093
174161
174227
174294
174359
174426
174494
174565
174632
174701
174771
174837
174908
174975
175042
175111
175176
175242
175307
175378
175443
175513
175583
175654
175722
175788
175853
175922
175992
176060
176127
176193
176261
176328
176394
176458
176523
176597
176664
176734
176800
176872
176939
177005
177074
177141
177205
177271
177342
177412
177482
177552
177622
177690
177760
177824
177888
177955
178021
178092
178155
178222
178289
178356
178423
178489
178559
178628
178697
178762
178830
178897
178967
179034
179103
179171
179239
179305
179373
179438
179507
179577
179644
179712
179780
179847
179913
179984
180051
180124
180192
180260
180328
180403
180476
180542
180608
180679
180747
180812
180882
180948
181018
181086
181150
181217
181282
181350
181419
181489
181561
181630
181699
181761
181829
181897
181964
182031
182098
182168
182237
182305
182374
182439
182510
182575
182643
182711
182779
182849
182916
182980
183046
183117
183187
183256
183325
183394
183459
183529
183596
183663
183732
183801
183868
183938
184006
184073
184139
184206
184280
184349
184416
184480
184549
184621
184691
184760
184826
184894
184958
185027
185095
185163
185235
185306
185374
185442
185511
185582
185652
185720
185789
185856
185923
185994
186063
186131
186201
186271
186340
186406
186482
186553
186625
186696
186764
186829
186894
186963
187033
187103
187173
187241
187309
187377
187445
187514
187585
187650
187718
187782
187848
187918
187988
188056
188127
188194
188262
188328
188393
188459
188526
188596
188662
188728
188795
188862
188934
189001
189072
189144
189212
189278
189345
189413
189482
189550
189618
189685
189751
189817
189883
189953
190019
190085
190157
190226
190296
190363
190431
190497
190568
190644
190712
190780
190852
190918
190986
191056
191126
191202
191271
191338
191406
191474
191545
191614
191681
191747
191813
191877
191943
192012
192079
192145
192210
192278
192347
192423
192491
192559
192626
192692
192757
192822
192888
192954
193019
193085
193151
193219
193286
193352
193420
193488
193558
193627
193697
193765
193831
193896
193961
194043
194128
194197
194261
194329
194395
194462
194531
194599
194665
194732
194799
194866
194935
195004
195074
195152
195222
195287
195358
195425
195493
195558
195628
195694
195760
195828
195896
195967
196034
196100
196166
196239
196309
196374
196442
196512
196582
196652
196721
196790
196861
196928
196997
197064
197134
197206
197286
197378
197458
197526
197597
197666
197733
197802
197864
197929
197995
198062
198130
198198
198267
198338
198407
198475
198545
198614
198685
198752
198819
198886
198956
199025
199093
199160
199226
199297
199364
199430
199494
199567
199638
199706
199776
199845
199911
199979
200043
200109
200178
200246
200315
200389
200469
200543
200611
200681
200746
200815
200881
200950
201019
201089
201157
201225
201293
201361
201428
201497
201566
201633
201702
201768
201839
201906
201977
202044
202111
202178
202248
202314
202383
202450
202517
202587
202654
202722
202790
202859
202927
203016
203086
203159
203226
203292
203361
203428
203496
203564
203631
203700
203769
203835
203903
203969
204038
204106
204172
204239
204310
204380
204449
204513
204579
204651
204718
204781
204850
204919
204991
205059
205128
205197
205268
205336
205402
205470
205540
205609
205677
205742
205807
205879
205948
206015
206083
206154
206221
206288
206355
206424
206492
206561
206627
206691
206758
206825
206894
206962
207032
207101
207167
207233
207298
207366
207433
207502
207567
207638
207707
207771
207842
207912
207978
208044
208115
208177
208246
208313
208382
208448
208521
208591
208659
208731
208801
208870
208939
209010
209080
209149
209216
209286
209356
209426
209494
209564
209629
209699
209769
209838
209907
209977
210044
210112
210176
210246
210314
210381
210445
210513
210582
210649
210717
210782
210852
210918
210989
211055
211123
211191
211258
211328
211396
211466
211540
211609
211674
211744
211812
211882
211952
212023
212091
212159
212228
212297
212364
212430
212496
212564
212633
212701
212768
212837
212906
212974
213048
213117
213186
213255
213325
213398
213466
213539
213614
213684
213755
213827
213897
213969
214048
214123
214191
214262
214333
214403
214468
214537
214609
214678
214748
214814
214882
214949
215019
215088
215157
215226
215295
215360
215429
215496
215566
215636
215701
215768
215838
215909
215976
216046
216114
216188
216257
216322
216388
216454
216524
216594
216661
216731
216799
216868
216930
217000
217065
217133
217201
217267
217335
217404
217471
217538
217608
217677
217740
217806
217871
217938
218006
218071
218139
218207
218276
218342
218407
218474
218542
218610
218679
218745
218812
218878
218944
219010
219077
219147
219213
219280
219346
219413
219481
219551
219618
219683
219750
219812
219878
219944
220011
220080
220147
220214
220279
220349
220414
220479
220544
220610
220680
220746
220814
220879
220948
221015
221079
221149
221218
221284
221349
221414
221479
221549
221619
221689
221754
221825
221893
221963
222032
222101
222173
222238
222307
222377
222443
222510
222579
222647
222709
222776
222840
222906
222973
223039
223115
223190
223256
223326
223397
223463
223533
223604
223673
223740
223808
223886
223967
224051
224130
224203
224277
224375
224458
224528
224599
224666
224734
224802
224871
224937
225002
225066
225137
225202
225270
225336
225402
225471
225538
225608
225678
225747
225812
225877
225942
226010
226079
226146
226216
226283
226355
226424
226493
226564
226633
226708
226784
226860
226936
227007
227078
227148
227215
227286
227353
227420
227486
227557
227625
227691
227754
227818
227886
227949
228014
228082
228150
228215
228279
228347
228416
228480
228547
228615
228683
228750
228817
228886
228952
229021
229089
229158
229226
229294
229360
229425
229488
229557
229624
229688
229760
229826
229894
229962
230029
230097
230165
230228
230293
230364
230430
230496
230565
230633
230700
230767
230836
230899
230965
231036
231111
231177
231246
231314
231381
231447
231514
231582
231652
231719
231786
231855
231926
231992
232059
232125
232193
232260
232329
232397
232463
232533
232602
232670
232735
232803
232869
232936
233011
233082
233151
233219
233288
233353
233424
233489
233556
233626
233694
233762
233832
233903
233972
234038
234107
234173
234241
234311
234378
234445
234511
234581
234646
234711
234778
234846
234914
234980
235044
235109
235180
235246
235313
235378
235448
235511
235578
235647
235715
235782
235849
235917
235987
236059
236130
236206
236274
236345
236412
236479
236548
236614
236683
236751
236818
236885
236957
237026
237093
237164
237235
237298
237368
237435
237503
237574
237644
237710
237783
237849
237914
237980
238052
238121
238192
238260
238329
238400
238473
238544
238610
238680
238750
238820
238891
238960
239028
239093
239159
239229
239290
239358
239427
239499
239569
239635
239703
239771
239840
239907
239974
240040
240107
240173
240239
240304
240375
240440
240507
240577
240645
240717
240785
240848
240916
240987
241058
241128
241196
241264
241331
241396
241462
241533
241600
241669
241733
241800
241867
241932
241999
242067
242146
242224
242302
242378
242459
242550
242631
242702
242768
242838
242902
242969
243036
243107
243174
243238
243306
243376
243444
243509
243576
243645
243717
243786
243857
243918
243989
244054
244123
244191
244258
244327
244393
244460
244526
244596
244667
244737
244805
244873
244938
245003
245070
245139
245206
245270
245340
245409
245477
245547
245614
245682
245748
245812
245879
245944
246015
246082
246150
246217
246286
246352
246418
246485
246554
246618
246685
246753
246819
246886
246952
247016
247082
247149
247218
247283
247347
247412
247477
247543
247610
247680
247749
247813
247878
247946
248012
248078
248145
248212
248277
248342
248407
248472
248542
248606
248675
248740
248803
248869
248937
249003
249069
249134
249203
249269
249336
249401
249468
249538
249608
249673
249741
249810
249877
249945
250011
250080
250148
250213
250283
250352
250420
250485
250555
250623
250693
250760
250829
250895
250959
251027
251096
251165
251236
251303
251370
251438
251509
251582
251651
251723
251793
251864
251933
252003
252071
252143
252211
252281
252348
252414
252480
252551
252618
252685
252755
252823
252887
252952
253018
253085
253152
253217
253288
253356
253423
253490
253561
253628
253693
253764
253830
253900
253970
254074
254145
254214
254282
254350
254416
254484
254553
254620
254688
254754
254821
254886
254953
255019
255084
255149
255216
255281
255346
255417
255482
255551
255618
255688
255757
255822
255885
255963
256035
256102
256169
256240
256312
256376
256440
256506
256576
256642
256711
256779
256847
256915
256983
257049
257115
257184
257249
257318
257383
257451
257519
257586
257652
257722
257787
257854
257923
257991
258056
258126
258198
258266
258338
258404
258469
258536
258607
258676
258745
258809
258877
258944
259012
259080
259148
259215
259279
259346
259414
259479
259551
259616
259684
259751
259818
259887
259953
260021
260090
260156
260224
260294
260364
260433
260499
260568
260634
260702
260769
260835
260901
260967
261032
261100
261168
261232
261300
261366
261432
261498
261568
261634
261698
261766
261834
261903
261971
262036
262104
262171
262241
262308
262375
262445
262509
262575
262647
262715
262784
262854
262918
262998
263069
263138
263203
263271
263339
263404
263473
263543
263609
263671
263740
263806
263873
263940
264010
264074
264139
264208
264275
264344
264409
264478
264556
264626
264693
264763
264830
264895
264962
265029
265096
265160
265224
265291
265363
265432
265501
265570
265642
265710
265775
265842
265909
265980
266050
266117
266187
266258
266328
266398
266465
266535
266604
266672
266738
266811
266876
266945
267015
267085
267154
267220
267288
267358
267428
267494
267564
267632
267702
267771
267839
267906
267977
268044
268111
268180
268250
268318
268389
268458
268533
268605
268674
268742
268812
268879
268945
269015
269087
269152
269218
269287
269357
269428
269496
269567
269638
269706
269776
269847
269917
269984
270060
270129
270197
270264
270330
270400
270470
270534
270604
270672
270741
270812
270881
270949
271019
271090
271160
271226
271294
271365
271430
271500
271571
271639
271707
271775
271843
271909
271976
272045
272111
272190
272259
272328
272409
272482
272556
272632
272706
272780
272852
272933
273013
273101
273180
273264
273333
273401
273469
273535
273605
273676
273746
273815
273886
273958
274029
274108
274176
274245
274323
274392
274463
274531
274606
274681
274748
274820
274894
274962
275032
275103
275171
275242
275312
275378
275445
275513
275584
275657
275726
275797
275863
275929
276000
276070
276143
276209
276279
276351
276422
276489
276563
276640
276708
276775
276842
276913
276981
277049
277116
277188
277254
277322
277390
277460
277527
277595
277663
277733
277801
277872
277939
278009
278081
278149
278219
278287
278359
278425
278493
278565
278637
278704
278772
278838
278906
278972
279035
279103
279173
279241
279307
279373
279442
279513
279582
279650
279721
279791
279857
279926
279993
280063
280129
280196
280266
280335
280401
280470
280537
280608
280675
280744
280809
280877
280946
281014
281083
281154
281220
281284
281353
281422
281492
281563
281630
281699
281772
281840
281908
281977
282046
282114
282185
282266
282359
282446
282523
282597
282675
282745
282817
282883
282953
283021
283092
283157
283228
283295
283363
283430
283496
283564
283630
283696
283765
283832
283897
283963
284030
284104
284184
284266
284353
284422
284490
284559
284627
284695
284762
284832
284910
285000
285082
285171
285252
285333
285408
285485
285568
285654
285737
285819
285901
285974
286044
286114
286180
286250
286319
286389
286460
286527
286598
286670
286741
286811
286883
286951
287019
287089
287161
287234
287304
287376
287449
287517
287587
287657
287730
287796
287864
287928
287998
288064
288131
288195
288263
288331
288401
288467
288532
288602
288669
288737
288805
288873
288934
289002
289068
289138
289202
289269
289338
289404
289470
289536
289604
289672
289741
289806
289875
289943
290007
290077
290144
290210
290276
290344
290409
290476
290542
290607
290674
290739
290801
290871
290938
291003
291079
291148
291215
291281
291348
291414
291481
291550
291616
291683
291752
291818
291884
291952
292021
292085
292151
292219
292285
292353
292422
292489
292555
292624
292691
292758
292825
292893
292963
293039
293105
293175
293244
293312
293380
293446
293512
293581
293648
293715
293783
293850
293919
293988
294056
294123
294188
294257
294329
294397
294466
294533
294600
294667
294734
294802
294870
294942
295010
295078
295144
295211
295276
295341
295409
295478
295551
295619
295688
295756
295825
295893
295976
296069
296148
296224
296297
296381
296453
296524
296593
296664
296734
296801
296869
296939
297009
297072
297142
297207
297272
297339
297404
297473
297543
297611
297676
297744
297812
297879
297947
298013
298078
298142
298210
298273
298342
298408
298473
298542
298608
298676
298746
298816
298883
298951
299016
299086
299153
299218
299284
299355
299422
299488
299558
299627
299696
299765
299835
299905
299975
300045
300122
300197
300275
300350
300416
300485
300557
300629
300700
300769
300840
300908
300979
301051
301124
301194
301262
301332
301405
301471
301545
301610
301683
301752
301818
301887
301956
302027
302097
302166
302234
302302
302370
302441
302509
302580
302648
302716
302783
302849
302915
302981
303048
303118
303183
303251
303315
303384
303452
303518
303589
303654
303723
303792
303859
303928
303998
304062
304127
304192
304260
304328
304393
304460
304524
304591
304661
304733
304802
304868
304934
305002
305069
305141
305206
305276
305344
305414
305479
305549
305616
305682
305746
305816
305885
305955
306024
306092
306160
306230
306299
306369
306436
306503
306570
306634
306699
306767
306837
306909
306998
307079
307162
307237
307304
307372
307440
307507
307576
307642
307710
307780
307846
307911
307978
308046
308116
308186
308257
308326
308394
308457
308526
308596
308666
308734
308803
308868
308938
309006
309071
309144
309213
309282
309347
309414
309481
309552
309617
309688
309760
309827
309897
309970
310038
310105
310175
310246
310315
310384
310452
310524
310592
310659
310729
310800
310865
310934
311004
311076
311142
311210
311277
311345
311415
311486
311555
311623
311693
311763
311830
311899
311966
312037
312104
312174
312240
312310
312377
312446
312515
312585
312651
312718
312791
312856
312922
312988
313058
313124
313193
313264
313334
313401
313468
313537
313605
313673
313743
313812
313879
313945
314010
314108
314177
314248
314317
314386
314455
314524
314591
314658
314721
314787
314854
314923
314992
315058
315124
315189
315259
315330
315397
315462
315529
315600
315668
315733
315800
315869
315936
316001
316069
316137
316207
316274
316339
316403
316471
316536
316602
316665
316732
316801
316870
316934
317008
317079
317154
317223
317291
317361
317428
317492
317562
317628
317696
317762
317829
317896
317961
318026
318092
318161
318226
318293
318360
318428
318498
318566
318634
318699
318767
318836
318903
318972
319041
319106
319173
319238
319310
319378
319441
319508
319576
319643
319709
319777
319849
319917
319983
320050
320119
320186
320251
320318
320382
320449
320516
320585
320653
320721
320791
320857
320924
320991
321060
321122
321187
321252
321324
321391
321458
321525
321597
321666
321733
321802
321874
321944
322014
322081
322153
322220
322288
322355
322425
322493
322563
322632
322701
322768
322836
322903
322978
323052
323117
323183
323252
323321
323388
323450
323518
323585
323647
323708
323775
323843
323912
323979
324044
324114
324179
324245
324311
324381
324446
324514
324580
324649
324716
324783
324851
324919
324988
325054
325121
325189
325255
325322
325390
325459
325525
325592
325660
325729
325791
325859
325926
325995
326063
326124
326189
326255
326322
326387
326453
326518
326587
326653
326718
326783
326847
326913
326978
327045
327115
327183
327247
327314
327383
327452
327517
327585
327663
327731
327796
327860
327927
327990
328055
328122
328190
328254
328319
328387
328456
328522
328588
328656
328723
328793
328859
328924
328988
329052
329117
329185
329250
329316
329384
329451
329517
329584
329650
329714
329784
329851
329918
329987
330053
330122
330188
330254
330324
330392
330461
330528
330598
330668
330735
330805
330874
330942
331011
331077
331146
331212
331277
331341
331410
331475
331541
331608
331679
331745
331814
331880
331952
332017
332086
332152
332220
332287
332354
332423
332493
332559
332629
332698
332765
332831
332898
332963
333031
333099
333167
333233
333302
333372
333443
333508
333580
333647
333714
333782
333849
333916
333984
334052
334123
334189
334260
334335
334404
334475
334554
334624
334696
334767
334839
334911
334984
335053
335122
335189
335262
335330
335399
335467
335541
335608
335678
335747
335817
335888
335955
336023
336095
336163
336229
336294
336365
336433
336501
336570
336639
336710
336776
336843
336911
336976
337043
337111
337182
337249
337316
337383
337452
337521
337587
337655
337725
337795
337862
337928
337996
338060
338133
338203
338270
338338
338405
338474
338543
338615
338684
338752
338821
338892
338956
339022
339089
339159
339228
339298
339367
339437
339505
339574
339642
339713
339779
339847
339914
339986
340052
340120
340189
340258
340327
340397
340462
340530
340598
340667
340735
340800
340868
340938
341005
341073
341139
341204
341270
341338
341404
341470
341541
341608
341676
341742
341811
341881
341948
342014
342082
342153
342218
342285
342352
342422
342489
342558
342626
342696
342762
342832
342900
342970
343039
343105
343179
343251
343320
343390
343458
343527
343598
343666
343739
343808
343875
343943
344009
344079
344149
344219
344289
344372
344451
344532
344616
344689
344761
344828
344898
344963
345032
345102
345172
345243
345312
345382
345451
345517
345587
345656
345724
345795
345865
345933
346000
346065
346132
346200
346267
346340
346405
346474
346547
346620
346693
346762
346836
346905
346972
347041
347109
347181
347253
347325
347394
347460
347527
347595
347661
347730
347797
347863
347931
348004
348074
348140
348213
348284
348352
348419
348483
348554
348620
348687
348756
348828
348897
348962
349032
349100
349170
349236
349300
349369
349435
349505
349575
349648
349716
349782
349851
349922
349991
350057
350122
350194
350259
350328
350395
350464
350530
350602
350671
350741
350808
350878
350947
351015
351088
351153
351219
351288
351357
351424
351493
351561
351626
351694
351761
351832
351903
351976
352083
352185
352284
352358
352429
352501
352572
352642
352709
352776
352842
352908
352981
353059
353129
353198
353261
353330
353422
353494
353563
353631
353700
353769
353836
353907
353974
354041
354107
354174
354241
354308
354379
354449
354516
354585
354650
354719
354779
354846
354917
354985
355052
355119
355185
355254
355322
355388
355455
355524
355594
355661
355730
355795
355861
355932
356000
356068
356138
356204
356267
356338
356403
356469
356537
356606
356672
356737
356803
356872
356943
357011
357078
357145
357208
357276
357346
357419
357490
357561
357630
357699
357766
357833
357900
357971
358036
358103
358172
358239
358305
358371
358443
358514
358584
358652
358733
358804
358872
358942
359011
359081
359146
359215
359284
359352
359419
359484
359554
359624
359688
359756
359823
359891
359959
360028
360094
360163
360229
360296
360363
360430
360495
360567
360634
360709
360778
360844
360909
360979
361048
361114
361182
361250
361318
361383
361450
361523
361593
361663
361730
361800
361868
361934
362000
362069
362136
362201
362269
362336
362405
362473
362542
362616
362685
362752
362819
362887
362956
363023
363090
363161
363227
363294
363359
363428
363496
363566
363633
363701
363775
363843
363906
363975
364044
364110
364173
364243
364307
364371
364439
364508
364580
364650
364719
364789
364857
364923
364987
365054
365121
365188
365256
365323
365390
365458
365525
365599
365665
365732
365798
365868
365935
366005
366071
366141
366208
366273
366339
366406
366474
366543
366612
366681
366747
366817
366883
366950
367013
367082
367152
367218
367284
367355
367420
367490
367556
367625
367694
367763
367832
367900
367967
368037
368106
368175
368244
368315
368385
368452
368521
368587
368659
368728
368794
368865
368934
369004
369072
369143
369214
369281
369348
369417
369485
369553
369623
369691
369758
369827
369893
369958
370024
370089
370160
370227
370293
370362
370430
370502
370571
370639
370705
370775
370842
370906
370973
371043
371109
371175
371244
371314
371382
371449
371516
371588
371657
371724
371792
371859
371925
371993
372061
372131
372202
372270
372336
372407
372474
372544
372612
372682
372751
372818
372886
372957
373025
373107
373184
373259
373327
373431
373511
373592
373673
373806
373964
374112
374179
374248
374318
374389
374459
374529
374599
374670
374741
374810
374879
374950
375019
375089
375161
375232
375303
375372
375439
375515
375584
375653
375723
375798
375867
375937
376012
376088
376150
376221
376289
376363
376434
376503
376569
376643
376711
376783
376852
376924
376994
377063
377137
377220
377306
377380
377468
377543
377614
377689
377763
377834
377906
377978
378051
378122
378191
378263
378340
378418
378492
378571
378650
378729
378805
378876
378945
379019
379093
379163
379236
379311
379385
379458
379528
379610
379683
379753
379826
379898
379964
380035
380103
380174
380248
380314
380388
380466
380538
380619
380689
380757
380829
380898
380968
381043
381113
381185
381262
381345
381440
381537
381637
381716
381787
381861
381929
382004
382078
382155
382229
382302
382374
382449
382520
382599
382669
382744
382815
382890
382967
383039
383119
383192
383259
383325
383397
383464
383537
383613
383684
383765
383841
383913
383985
384055
384132
384212
384284
384357
384436
384513
384599
384682
384758
384836
384936
385014
385105
385188
385277
385357
385431
385503
385578
385652
385723
385795
385866
385939
386010
386081
386151
386222
386293
386364
386437
386512
386586
386658
386727
386797
386861
386932
387002
387075
387145
387217
387306
387406
387483
387555
387631
387705
387775
387846
387917
387989
388060
388130
388211
388285
388359
388432
388506
388582
388659
388730
388807
388883
388958
389031
389101
389175
389249
389315
389390
389462
389533
389608
389679
389753
389826
389898
389969
390045
390116
390188
390261
390335
390406
390476
390551
390624
390695
390763
390836
390912
390980
391052
391124
391195
391271
391339
391413
391490
391569
391650
391727
391808
391892
391983
392058
392127
392197
392263
392334
392407
392476
392550
392619
392692
392765
392833
392905
392981
393053
393123
393196
393268
393339
393408
393480
393557
393624
393696
393771
393845
393919
393986
394057
394131
394202
394269
394340
394423
394499
394572
394655
394735
394809
394886
394963
395040
395121
395195
395266
395342
395415
395489
395565
395646
395717
395788
395863
395938
396011
396086
396161
396237
396310
396389
396459
396533
396610
396684
396758
396833
396911
396988
397067
397147
397218
397299
397373
397444
397518
397598
397668
397739
397813
397887
397963
398039
398113
398186
398260
398337
398412
398489
398565
398641
398716
398791
398873
398956
399027
399103
399176
399252
399324
399394
399466
399544
399623
399698
399772
399847
399918
399992
400063
400136
400216
400286
400357
400431
400505
400577
400652
400723
400796
400869
400944
401015
401084
401155
401225
401298
401369
401443
401514
401584
401653
401727
401799
401875
401947
402022
402095
402171
402241
402312
402382
402456
402527
402600
402674
402750
402823
402894
402969
403041
403115
403189
403262
403335
403408
403477
403549
403622
403694
403765
403840
403917
403989
404059
404133
404211
404281
404355
404425
404502
404576
404666
404757
404847
404929
405009
405086
405168
405246
405320
405392
405468
405544
405620
405699
405786
405858
405932
406004
406076
406153
406224
406301
406376
406449
406517
406593
406668
406743
406815
406888
406964
407032
407101
407167
407234
407299
407363
407434
407500
407569
407638
407708
407778
407843
407912
407977
408048
408117
408186
408254
408323
408391
408464
408531
408603
408670
408738
408808
408876
408941
409009
409077
409145
409213
409283
409350
409422
409490
409559
409626
409695
409767
409837
409904
409974
410041
410107
410176
410244
410309
410376
410443
410514
410582
410647
410715
410782
410849
410916
410986
411067
411133
411199
411265
411335
411404
411472
411540
411609
411674
411736
411798
411868
411936
412002
412068
412136
412203
412269
412335
412407
412472
412542
412609
412679
412745
412814
412880
412952
413029
413097
413167
413235
413302
413371
413440
413509
413580
413649
413713
413781
413847
413916
413984
414053
414120
414190
414258
414329
414395
414465
414532
414598
414664
414731
414794
414862
414943
415014
415089
415168
415237
415308
415376
415455
415528
415600
415669
415744
415815
415887
415958
416024
416096
416164
416232
416305
416371
416439
416512
416587
416660
416729
416798
416871
416942
417012
417083
417157
417226
417298
417368
417439
417513
417584
417656
417728
417794
417861
417927
418004
418075
418149
418220
418293
418363
418433
418508
418579
418650
418721
418796
418868
418938
419009
419081
419154
419224
419296
419367
419438
419511
419586
419654
419723
419817
419912
420009
420111
420198
420293
420384
420482
420581
420675
420743
420812
420880
420944
421012
421084
421152
421218
421282
421350
421416
421486
421560
421629
421698
421770
421841
421914
421985
422057
422129
422201
422272
422341
422409
422479
422550
422617
422684
422755
422823
422892
422961
423031
423099
423169
423239
423310
423380
423449
423519
423588
423652
423717
423784
423854
423923
423993
424062
424135
424203
424272
424341
424415
424494
424608
424677
424749
424819
424889
424956
425033
425102
425170
425238
425306
425371
425435
425501
425571
425638
425706
425774
425841
425911
425977
426047
426117
426183
426253
426318
426388
426457
426523
426592
426659
426727
426791
426859
426927
426995
427060
427128
427199
427266
427333
427398
427468
427538
427607
427676
427746
427816
427883
427952
428023
428091
428161
428228
428296
428364
428430
428498
428568
428636
428705
428771
428840
428907
428974
429041
429110
429178
429244
429309
429380
429447
429516
429581
429651
429717
429782
429848
429915
429982
430049
430118
430188
430252
430319
430382
430447
430517
430585
430652
430721
430788
430858
430923
430991
431058
431125
431193
431264
431332
431400
431464
431533
431604
431670
431738
431805
431875
431942
432008
432077
432146
432215
432280
432349
432416
432484
432552
432622
432687
432755
432823
432891
432956
433024
433092
433162
433233
433307
433386
433458
433533
433603
433679
433766
433845
433929
434012
434134
434206
434274
434344
434414
434482
434551
434618
434686
434755
434824
434892
434964
435032
435100
435168
435238
435305
435371
435438
435508
435579
435646
435712
435781
435845
435915
435984
436053
436120
436185
436254
436324
436392
436478
436561
436634
436705
436774
436844
436915
436983
437049
437116
437184
437248
437315
437381
437452
437519
437586
437656
437721
437791
437849
437917
437987
438052
438120
438190
438258
438328
438395
438462
438535
438601
438670
438735
438806
438875
438942
439009
439080
439150
439216
439283
439350
439417
439483
439554
439622
439690
439759
439828
439897
439965
440031
440099
440166
440230
440298
440365
440434
440499
440565
440631
440702
440769
440837
440904
440973
441041
441108
441175
441243
441310
441374
441441
441510
441581
441650
441716
441783
441852
441924
441994
442062
442131
442199
442266
442335
442403
442468
442539
442609
442675
442742
442809
442881
442949
443033
443101
443172
443239
443305
443372
443442
443511
443582
443649
443719
443787
443855
443919
443986
444053
444118
444188
444256
444321
444389
444458
444524
444589
444655
444719
444788
444853
444922
444992
445061
445128
445195
445260
445327
445397
445465
445529
445598
445665
445732
445797
445866
445935
446004
446070
446139
446207
446275
446341
446411
446481
446551
446632
446711
446790
446860
446937
447018
447104
447175
447254
447335
447414
447492
447561
447630
447695
447760
447825
447892
447963
448034
448103
448170
448237
448302
448369
448436
448506
448576
448642
448711
448778
448845
448911
448982
449050
449116
449190
449256
449329
449416
449493
449574
449641
449710
449778
449846
449912
449978
450043
450109
450176
450244
450312
450379
450448
450513
450583
450650
450717
450782
450850
450914
450981
451052
451118
451187
451254
451319
451386
451454
451523
451592
451660
451729
451796
451864
451933
452007
452074
452142
452209
452276
452342
452408
452471
452543
452609
452675
452742
452811
452878
452944
453013
453084
453150
453214
453280
453348
453412
453481
453552
453620
453687
453757
453824
453893
453958
454024
454094
454164
454233
454300
454367
454436
454504
454571
454643
454715
454783
454854
454927
454996
455075
455149
455217
455291
455357
455430
455496
455567
455634
455703
455771
455839
455906
455976
456046
456117
456185
456250
456317
456391
456460
456529
456601
456663
456733
456800
456868
456931
456999
457069
457136
457211
457279
457347
457413
457485
457554
457622
457689
457760
457824
457893
457959
458027
458092
458160
458226
458295
458362
458429
458495
458565
458633
458698
458765
458835
458901
458972
459041
459107
459178
459246
459314
459381
459447
459516
459585
459673
459753
459823
459888
459956
460022
460089
460159
460230
460300
460368
460437
460508
460578
460643
460713
460781
460848
460916
460987
461060
461126
461195
461261
461330
461394
461462
461529
461598
461665
461735
461820
461895
461965
462033
462098
462167
462233
462301
462368
462434
462502
462570
462635
462706
462773
462838
462904
462974
463042
463108
463175
463245
463313
463377
463439
463508
463576
463644
463709
463778
463845
463912
463978
464044
464109
464177
464246
464312
464377
464445
464517
464585
464650
464713
464777
464853
464935
465021
465105
465198
465290
465373
465449
465517
465587
465654
465723
465791
465860
465928
465996
466065
466130
466199
466265
466336
466397
466465
466533
466605
466674
466741
466807
466876
466940
467005
467070
467133
467199
467275
467340
467409
467476
467544
467610
467680
467745
467813
467880
467948
468014
468082
468152
468218
468286
468355
468418
468484
468555
468623
468690
468759
468823
468888
468953
469021
469088
469157
469223
469289
469358
469422
469488
469557
469625
469692
469757
469825
469888
469957
470023
470094
470162
470231
470298
470369
470434
470501
470569
470635
470699
470766
470834
470904
470968
471037
471112
471179
471245
471313
471379
471447
471515
471582
471649
471719
471786
471853
471921
472004
472082
472151
472216
472288
472358
472425
472493
472566
472634
472703
472773
472839
472904
472978
473051
473119
473184
473250
473316
473385
473454
473521
473590
473660
473728
473797
473863
473931
473994
474062
474131
474198
474267
474333
474402
474469
474539
474625
474720
474800
474870
474941
475020
475110
475188
475252
475322
475395
475463
475532
475598
475670
475739
475808
475878
475948
476015
476083
476152
476222
476293
476360
476425
476495
476564
476629
476693
476758
476822
476888
476954
477022
477089
477157
477224
477292
477358
477423
477492
477563
477630
477697
477763
477831
477895
477960
478025
478092
478159
478225
478294
478363
478427
478493
478561
478624
478689
478754
478825
478907
478975
479044
479112
479185
479253
479321
479389
479460
479527
479596
479665
479733
479801
479875
479944
480009
480076
480143
480210
480277
480343
480409
480473
480544
480612
480682
480749
480815
480881
480948
481014
481085
481154
481220
481288
481354
481420
481488
481557
481628
481694
481761
481831
481900
481966
482034
482104
482174
482237
482302
482367
482438
482511
482580
482646
482714
482782
482845
482910
482981
483050
483117
483184
483252
483318
483382
483446
483516
483583
483652
483721
483788
483853
483918
483986
484054
484122
484190
484258
484325
484389
484454
484522
484594
484663
484732
484796
484864
484929
484993
485063
485132
485197
485263
485326
485394
485461
485526
485594
485664
485733
485799
485865
485933
485999
486066
486133
486204
486269
486336
486401
486469
486532
486599
486680
486748
486812
486881
486947
487012
487076
487144
487208
487273
487340
487404
487472
487541
487609
487674
487741
487810
487874
487940
488008
488078
488145
488212
488276
488342
488407
488474
488542
488610
488676
488745
488810
488878
488943
489011
489078
489145
489213
489278
489346
489414
489481
489548
489615
489684
489753
489821
489887
489962
490029
490099
490176
490246
490311
490376
490442
490513
490581
490647
490715
490785
490851
490916
490983
491051
491119
491188
491255
491321
491388
491454
491521
491591
491658
491723
491791
491857
491922
491990
492056
492127
492195
492262
492330
492400
492468
492534
492603
492670
492737
492803
492868
492935
493003
493067
493134
493204
493272
493338
493406
493475
493542
493607
493674
493745
493814
493882
493951
494022
494124
494194
494261
494329
494398
494466
494533
494603
494669
494734
494801
494871
494939
495006
495071
495138
495206
495271
495336
495403
495468
495531
495600
495667
495737
495805
495872
495939
496007
496073
496142
496211
496277
496344
496412
496479
496549
496614
496679
496748
496819
496886
496952
497019
497088
497153
497217
497289
497355
497422
497490
497558
497625
497691
497757
497824
497892
497959
498024
498093
498157
498221
498285
498353
498419
498484
498553
498625
498691
498760
498828
498899
498964
499030
499095
499165
499232
499300
499367
499436
499501
499569
499637
499704
499770
499839
499908
499978
500044
500114
500183
500253
500318
500393
500460
500530
500601
500672
500738
500807
500875
500942
501009
501078
501145
501214
501282
501350
501417
501485
501553
501621
501686
501754
501818
501886
501954
502020
502087
502155
502222
502286
502353
502418
502487
502559
502627
502695
502766
502833
502901
502975
503050
503113
503181
503250
503314
503382
503448
503515
503585
503653
503717
503785
503851
503920
503985
504052
504118
504180
504247
504315
504379
504449
504513
504585
504654
504717
504781
504851
504919
504985
505050
505118
505184
505252
505319
505389
505454
505529
505599
505666
505735
505800
505869
505939
506006
506072
506142
506207
506273
506340
506408
506475
506542
506610
506679
506746
506807
506873
506941
507010
507076
507143
507212
507278
507343
507411
507480
507548
507617
507684
507748
507814
507879
507944
508013
508082
508149
508219
508287
508354
508422
508493
508558
508622
508689
508757
508824
508887
508954
509024
509093
509160
509227
509292
509358
509423
509493
509561
509629
509695
509765
509830
509897
509966
510036
510104
510169
510235
510301
510367
510435
510502
510572
510638
510704
510774
510842
510910
510975
511046
511111
511179
511244
511311
511378
511444
511511
511581
511643
511707
511770
511836
511903
511965
512033
512101
512166
512231
512294
512360
512430
512498
512568
512637
512706
512773
512839
512905
512974
513042
513110
513179
513248
513317
513384
513451
513519
513589
513659
513730
513796
513864
513932
514002
514071
514141
514206
514279
514347
514414
514480
514564
514636
514702
514767
514835
514905
514971
515039
515118
515188
515251
515325
515397
515464
515533
515609
515683
515751
515817
515886
515952
516017
516085
516156
516224
516291
516358
516428
516497
516567
516647
516716
516781
516850
516916
516985
517053
517127
517194
517261
517330
517399
517466
517532
517601
517670
517739
517809
517878
517947
518016
518081
518153
518219
518284
518347
518415
518481
518550
518619
518689
518760
518828
518897
518964
519031
519097
519165
519233
519301
519366
519430
519497
519566
519633
519700
519767
519837
519902
519967
520032
520103
520169
520233
520295
520365
520429
520495
520563
520630
520699
520767
520832
520901
520968
521037
521106
521175
521241
521305
521373
521437
521501
521570
521637
521707
521771
521837
521908
521977
522046
522118
522190
522257
522325
522394
522461
522528
522594
522664
522736
522802
522869
522936
523004
523070
523140
523211
523295
523366
523434
523499
523570
523640
523706
523778
523847
523911
523978
524045
524113
524182
524244
524312
524379
524444
524513
524582
524648
524714
524782
524850
524915
524984
525049
525129
525209
525295
525373
525443
525524
525596
525666
525738
525808
525884
525955
526027
526100
526174
526244
526315
526392
526464
526527
526598
526674
526751
526818
526885
526950
527021
527090
527161
527227
527294
527360
527428
527495
527564
527628
527696
527764
527836
527903
527973
528038
528105
528175
528240
528307
528379
528442
528508
528573
528646
528708
528774
528838
528906
528969
529035
529103
529171
529238
529306
529374
529442
529508
529578
529646
529715
529783
529852
529920
529986
530054
530123
530194
530262
530329
530397
530465
530535
530609
530678
530744
530812
530885
530952
531018
531093
531162
531228
531297
531365
531432
531499
531565
531634
531702
531767
531832
531899
531965
532032
532102
532169
532237
532305
532369
532435
532501
532569
532638
532707
532774
532842
532908
532983
533062
533128
533194
533259
533327
533396
533467
533534
533605
533672
533737
533807
533875
533943
534012
534079
534149
534213
534281
534346
534411
534478
534548
534615
534677
534747
534817
534883
534953
535019
535090
535157
535222
535285
535355
535423
535492
535568
535638
535706
535773
535838
535902
535967
536035
536103
536170
536233
536298
536363
536429
536497
536564
536632
536702
536767
536832
536900
536971
537039
537107
537177
537244
537315
537385
537453
537520
537589
537659
537723
537786
537853
537919
537986
538054
538118
538185
538252
538319
538386
538454
538521
538594
538664
538731
538799
538867
538933
539003
539068
539136
539202
539269
539341
539409
539476
539547
539620
539686
539752
539819
539886
539952
540017
540086
540155
540222
540288
540355
540421
540488
540558
540628
540701
540769
540835
540903
540967
541034
541101
541171
541239
541304
541369
541434
541500
541570
541639
541707
541777
541844
541911
541978
542045
542111
542183
542248
542320
542396
542469
542546
542620
542694
542766
542840
542915
542995
543072
543148
543227
543312
543391
543467
543546
543625
543702
543779
543859
543933
544010
544087
544165
544243
544316
544396
544475
544556
544637
544719
544798
544875
544951
545025
545091
545158
545229
545298
545369
545436
545508
545579
545658
545726
545795
545861
545928
545996
546066
546134
546206
546274
546342
546411
546478
546549
546616
546683
546752
546822
546890
546956
547024
547092
547162
547233
547304
547369
547435
547501
547575
547646
547714
547783
547853
547919
547987
548053
548120
548189
548256
548324
548392
548460
548525
548596
548659
548726
548793
548855
548920
548986
549052
549120
549186
549253
549320
549385
549451
549518
549587
549648
549715
549782
549850
549916
549984
550053
550120
550184
550251
550321
550389
550456
550522
550589
550656
550724
550797
550866
550931
551000
551067
551132
551202
551268
551337
551405
551470
551539
551607
551671
551739
551808
551875
551945
552014
552082
552149
552218
552283
552351
552418
552484
552556
552623
552689
552757
552827
552894
552963
553029
553097
553168
553232
553300
553367
553431
553496
553563
553628
553693
553758
553826
553893
553958
554025
554124
554192
554262
554332
554397
554461
554528
554600
554670
554737
554807
554872
554938
555005
555073
555140
555208
555273
555341
555405
555470
555537
555607
555675
555741
555810
555876
555939
556007
556072
556136
556205
556272
556342
556408
556473
556543
556612
556679
556746
556817
556884
556949
557016
557084
557149
557216
557283
557352
557417
557482
557554
557621
557686
557756
557826
557893
557964
558035
558101
558167
558235
558301
558368
558434
558496
558567
558631
558697
558765
558831
558898
558960
559030
559097
559163
559232
559300
559361
559429
559496
559566
559635
559705
559772
559838
559907
559974
560040
560104
560168
560234
560302
560367
560431
560498
560568
560636
560706
560774
560842
560910
560976
561045
561110
561176
561240
561307
561372
561439
561506
561577
561645
561709
561778
561846
561914
561980
562049
562114
562180
562251
562319
562385
562453
562522
562594
562663
562729
562794
562859
562927
562997
563062
563126
563203
563272
563340
563409
563475
563546
563614
563681
563750
563816
563880
563949
564016
564082
564149
564215
564283
564345
564411
564476
564542
564609
564673
564740
564810
564876
564945
565013
565079
565146
565212
565281
565351
565417
565486
565554
565622
565689
565754
565819
565886
565956
566023
566088
566155
566223
566288
566353
566419
566486
566557
566625
566695
566764
566832
566900
566972
567040
567107
567175
567247
567314
567381
567446
567516
567584
567649
567720
567788
567850
567915
567985
568052
568116
568182
568251
568317
568380
568447
568515
568583
568651
568719
568783
568850
568918
568982
569049
569114
569184
569251
569319
569388
569454
569522
569588
569653
569721
569787
569854
569920
569984
570049
570120
570187
570256
570323
570388
570456
570522
570588
570653
570720
570786
570856
570920
570984
571049
571117
571185
571252
571319
571384
571450
571516
571586
571653
571720
571786
571849
571915
571982
572047
572114
572179
572247
572314
572382
572450
572520
572592
572661
572727
572794
572859
572926
572994
573058
573125
573192
573261
573327
573395
573460
573530
573601
573668
573738
573805
573870
573934
574002
574070
574135
574205
574272
574338
574404
574472
574541
574609
574677
574743
574812
574877
574946
575015
575080
575155
575225
575294
575365
575437
575504
575579
575652
575720
575791
575862
575931
575998
576065
576135
576201
576273
576340
576409
576476
576544
576611
576679
576752
576820
576886
576956
577018
577087
577152
577220
577288
577355
577423
577489
577558
577625
577693
577759
577824
577893
577961
578031
578098
578165
578233
578296
578366
578432
578498
578564
578630
578696
578777
578857
578943
579015
579098
579179
579257
579331
579411
579496
579569
579637
579718
579789
579857
579928
580030
580098
580170
580239
580314
580384
580452
580526
580601
580679
580759
580833
580910
580983
581058
581132
581209
581287
581359
581431
581500
581578
581649
581720
581793
581876
581952
582024
582097
582173
582241
582308
582375
582441
582508
582581
582651
582717
582783
582852
582920
582985
583056
583122
583186
583252
583323
583388
583450
583516
583584
583650
583715
583786
583855
583922
583989
584055
584123
584187
584254
584323
584389
584457
584523
584591
584662
584729
584797
584864
584929
584997
585063
585129
585197
585264
585333
585410
585491
585576
585651
585719
585797
585864
585931
585998
586066
586134
586201
586269
586339
586406
586472
586541
586608
586678
586747
586815
586882
586948
587018
587085
587154
587222
587292
587362
587431
587501
587571
587642
587710
587778
587849
587916
587981
588048
588115
588186
588252
588320
588387
588453
588517
588587
588656
588724
588795
588863
588930
588997
589067
589134
589201
589265
589333
589403
589470
589539
589611
589677
589745
589812
589878
589944
590009
590078
590146
590211
590276
590343
590410
590478
590549
590619
590686
590749
590818
590885
590953
591018
591090
591156
591223
591288
591356
591421
591488
591559
591629
591697
591763
591829
591894
591962
592028
592089
592155
592222
592286
592352
592418
592485
592551
592620
592685
592751
592822
592892
592963
593028
593093
593165
593242
593311
593380
593448
593513
593582
593652
593720
593788
593857
593923
593992
594058
594125
594191
594257
594322
594392
594456
594523
594593
594659
594725
594790
594856
594923
594989
595059
595125
595193
595259
595328
595395
595462
595530
595598
595666
595732
595800
595869
595939
596006
596073
596140
596204
596271
596336
596398
596465
596533
596597
596662
596729
596794
596862
596927
596993
597063
597129
597195
597262
597328
597397
597464
597532
597603
597673
597741
597808
597876
597944
598011
598078
598147
598214
598280
598349
598417
598483
598553
598627
598692
598758
598826
598896
598962
599028
599097
599162
599231
599300
599372
599438
599507
599581
599648
599713
599779
599846
599915
599983
600051
600115
600182
600248
600317
600386
600454
600524
600597
600667
600732
600801
600870
600938
601007
601074
601144
601213
601280
601348
601414
601480
601544
601612
601677
601745
601812
601878
601946
602013
602079
602146
602215
602280
602348
602431
602500
602568
602659
602742
602825
602913
602992
603066
603135
603205
603272
603342
603409
603479
603543
603613
603682
603749
603817
603883
603950
604018
604083
604152
604218
604285
604351
604420
604484
604554
604621
604692
604759
604829
604900
604969
605038
605110
605178
605245
605314
605384
605473
605555
605628
605701
605771
605844
605915
605984
606053
606122
606192
606258
606323
606390
606457
606525
606595
606669
606737
606807
606874
606941
607003
607072
607139
607207
607276
607342
607409
607476
607541
607611
607679
607747
607811
607879
607949
608015
608082
608149
608218
608282
608350
608414
608481
608551
608622
608691
608759
608827
608897
608965
609030
609097
609165
609234
609299
609367
609434
609502
609566
609629
609697
609763
609831
609897
609965
610035
610102
610171
610239
610308
610371
610440
610506
610574
610643
610710
610779
610845
610911
610980
611047
611114
611178
611248
611314
611379
611448
611511
611580
611649
611718
611784
611853
611919
611983
612050
612118
612185
612254
612320
612392
612459
612523
612592
612663
612733
612800
612870
612935
613001
613068
613138
613203
613275
613341
613408
613473
613537
613607
613674
613740
613808
613876
613943
614008
614113
614178
614244
614314
614380
614447
614513
614582
614651
614718
614788
614852
614919
614984
615053
615119
615186
615252
615321
615386
615453
615519
615585
615653
615721
615789
615857
615924
615991
616061
616143
616222
616299
616375
616455
616529
616610
616688
616764
616838
616911
616983
617052
617116
617182
617250
617318
617386
617453
617518
617586
617654
617723
617787
617855
617923
617993
618063
618129
618201
618266
618334
618401
618470
618535
618602
618670
618738
618804
618872
618942
619009
619077
619145
619215
619283
619352
619419
619486
619557
619630
619699
619766
619834
619905
619971
620039
620116
620190
620259
620328
620397
620465
620531
620601
620672
620738
620804
620874
620941
621011
621079
621149
621214
621281
621347
621415
621482
621551
621620
621687
621753
621821
621887
621957
622022
622089
622155
622223
622289
622356
622426
622495
622565
622635
622705
622769
622834
622902
622969
623042
623110
623177
623244
623308
623374
623442
623509
623579
623647
623713
623778
623845
623914
623984
624051
624123
624191
624259
624327
624394
624464
624532
624601
624670
624737
624808
624875
624938
625012
625077
625142
625210
625277
625341
625405
625473
625542
625609
625681
625746
625812
625880
625949
626015
626082
626149
626215
626281
626350
626417
626485
626553
626622
626685
626749
626817
626884
626963
627040
627113
627184
627252
627321
627390
627457
627525
627594
627664
627732
627800
627867
627930
627999
628067
628134
628201
628266
628332
628399
628467
628535
628598
628666
628729
628795
628863
628929
628993
629063
629129
629196
629262
629328
629397
629461
629529
629598
629663
629731
629801
629869
629940
630012
630082
630151
630222
630291
630358
630425
630490
630559
630630
630697
630767
630835
630907
630977
631042
631110
631180
631247
631310
631379
631446
631513
631586
631656
631723
631791
631858
631925
631992
632061
632128
632196
632267
632335
632405
632471
632541
632609
632678
632747
632814
632880
632944
633007
633070
633140
633208
633275
633342
633413
633482
633552
633621
633687
633758
633824
633892
633957
634024
634093
634162
634227
634296
634363
634431
634502
634580
634666
634741
634819
634888
634956
635022
635089
635159
635225
635292
635362
635437
635508
635583
635661
635734
635808
635880
635956
636025
636101
636175
636247
636318
636386
636455
636524
636592
636668
636730
636801
636872
636941
637013
637081
637156
637223
637292
637365
637436
637504
637577
637651
637721
637795
637864
637930
638000
638066
638134
638207
638274
638345
638412
638483
638554
638625
638698
638765
638833
638900
638967
639033
639100
639163
639229
639293
639360
639427
639494
639566
639632
639697
639763
639831
639896
639964
640034
640103
640173
640242
640309
640376
640446
640513
640582
640650
640724
640789
640855
640924
640989
641058
641124
641191
641260
641328
641397
641463
641530
641601
641672
641743
641815
641885
641956
642026
642093
642162
642230
642300
642369
642432
642503
642570
642638
642707
642774
642838
642907
642973
643035
643101
643170
643237
643304
643372
643441
643509
643579
643648
643716
643788
643857
643926
643999
644070
644140
644212
644281
644351
644422
644492
644565
644636
644706
644775
644843
644912
644983
645055
645124
645193
645261
645328
645395
645466
645536
645612
645698
645784
645867
645938
646008
646075
646143
646214
646281
646348
646413
646481
646550
646617
646686
646748
646818
646881
646947
647010
647080
647149
647220
647294
647359
647424
647495
647569
647636
647706
647774
647842
647910
647981
648044
648110
648180
648246
648312
648378
648447
648514
648581
648647
648712
648778
648848
648916
648983
649050
649118
649184
649252
649314
649383
649450
649515
649583
649651
649716
649786
649850
649916
649983
650049
650116
650187
650253
650319
650389
650457
650523
650594
650663
650731
650798
650866
650931
651000
651077
651143
651208
651274
651341
651406
651476
651541
651609
651676
651743
651811
651882
651951
652018
652086
652154
652222
652290
652357
652422
652492
652558
652626
652696
652762
652828
652901
652973
653046
653115
653181
653250
653317
653382
653448
653516
653589
653660
653729
653799
653866
653933
654000
654067
654135
654204
654271
654337
654406
654471
654537
654608
654676
654742
654811
654877
654945
655012
655080
655148
655214
655283
655350
655416
655485
655553
655621
655689
655756
655823
655894
655959
656027
656097
656165
656234
656301
656368
656435
656505
656573
656641
656709
656776
656844
656913
656984
657047
657117
657184
657249
657316
657384
657449
657518
657583
657651
657716
657784
657853
657919
657992
658059
658127
658195
658263
658325
658395
658462
658526
658596
658663
658732
658802
658869
658934
659005
659069
659137
659205
659271
659338
659408
659475
659538
659609
659679
659746
659812
659880
659943
660012
660081
660146
660213
660282
660350
660421
660487
660558
660629
660696
660764
660833
660896
660964
661033
661102
661168
661236
661302
661370
661439
661507
661576
661643
661712
661776
661848
661914
661981
662052
662118
662188
662258
662325
662392
662462
662528
662598
662668
662736
662803
662875
662940
663007
663078
663143
663210
663279
663346
663411
663479
663547
663616
663683
663751
663821
663887
663956
664027
664099
664168
664236
664303
664371
664440
664510
664578
664646
664715
664782
664848
664914
664979
665048
665118
665186
665254
665325
665391
665456
665529
665598
665667
665736
665803
665871
665939
666016
666080
666151
666218
666287
666358
666426
666492
666565
666634
666700
666768
666837
666909
666977
667045
667112
667188
667258
667330
667399
667468
667543
667613
667684
667749
667818
667887
667952
668019
668088
668158
668226
668291
668360
668427
668492
668565
668634
668707
668773
668844
668907
668971
669040
669108
669177
669246
669312
669379
669449
669514
669583
669655
669724
669791
669860
669924
669992
670062
670130
670200
670267
670332
670402
670472
670539
670608
670679
670748
670816
670888
670953
671022
671090
671157
671227
671297
671363
671430
671498
671567
671636
671705
671772
671834
671905
671971
672041
672108
672178
672245
672315
672381
672447
672518
672589
672657
672729
672799
672864
672934
673001
673069
673143
673210
673279
673344
673410
673477
673546
673613
673682
673754
673821
673885
673954
674021
674121
674192
674259
674324
674395
674461
674527
674597
674666
674735
674806
674875
674940
675008
675073
675140
675209
675278
675346
675415
675482
675553
675620
675690
675760
675832
675899
675965
676036
676104
676171
676238
676303
676369
676436
676503
676568
676633
676699
676767
676834
676901
676967
677037
677104
677172
677239
677306
677378
677446
677512
677582
677650
677720
677788
677859
677925
677993
678063
678129
678199
678267
678331
678398
678470
678537
678606
678676
678740
678807
678874
678940
679003
679072
679139
679204
679270
679334
679401
679467
679531
679602
679672
679743
679810
679881
679951
680019
680087
680154
680221
680289
680355
680420
680486
680555
680623
680693
680761
680828
680896
680964
681031
681102
681169
681235
681301
681368
681433
681502
681570
681637
681707
681774
681841
681910
681978
682046
682112
682176
682243
682308
682376
682442
682511
682581
682647
682715
682784
682847
682915
682983
683051
683120
683193
683266
683333
683398
683465
683533
683601
683668
683740
683806
683870
683938
684005
684071
684140
684206
684276
684345
684413
684479
684554
684622
684690
684759
684827
684893
684961
685030
685095
685162
685227
685294
685362
685428
685493
685568
685632
685700
685766
685832
685899
685967
686034
686097
686168
686233
686299
686371
686440
686509
686584
686652
686717
686784
686850
686916
686984
687053
687122
687195
687263
687329
687397
687462
687529
687603
687671
687740
687807
687874
687941
688005
688071
688138
688205
688268
688335
688405
688473
688546
688619
688688
688755
688824
688892
688961
689029
689095
689164
689232
689298
689363
689432
689500
689568
689637
689704
689771
689839
689907
689975
690040
690106
690175
690242
690310
690377
690443
690508
690578
690648
690717
690783
690851
690919
690986
691052
691119
691185
691255
691320
691389
691456
691526
691592
691664
691732
691797
691865
691932
692000
692069
692138
692203
692269
692334
692400
692467
692532
692599
692669
692736
692804
692873
692937
693004
693075
693143
693208
693278
693345
693412
693480
693550
693618
693688
693755
693821
693885
693953
694020
694088
694156
694220
694286
694352
694418
694487
694558
694628
694701
694770
694840
694909
694977
695043
695109
695174
695240
695308
695374
695442
695507
695573
695641
695713
695776
695844
695916
695985
696057
696130
696201
696272
696348
696420
696487
696567
696637
696709
696777
696846
696911
696983
697048
697115
697181
697253
697319
697387
697454
697523
697594
697663
697730
697798
697867
697935
698004
698072
698144
698211
698284
698351
698418
698483
698555
698629
698699
698765
698839
698909
698977
699044
699116
699183
699252
699323
699390
699461
699530
699603
699673
699740
699805
699872
699940
700009
700080
700146
700212
700282
700351
700417
700484
700551
700619
700689
700759
700828
700900
700968
701031
701096
701164
701232
701301
701370
701436
701503
701571
701637
701710
701778
